[app/ui]
version = 9.0.6
modtime = 1704781684.966092000

[app/launcher]
version = 9.0.6
modtime = 1704781684.978606000
